Epoch = 70, top_k = 10 sort by score10, 15, 1
NDCG=5.707 |  Recall=7.567 | HR=19.151 | Precision=2.213 | Invalid users=0 | cum_k=0
total_pro_num = 65408 len(total_pre_user_num) = 6548 avg product num = 9.989004276114844
total user num = 6548 total total_pre_user_num num  = 6548
Epoch = 70, top_k = 20 sort by score10, 15, 1
NDCG=6.400 |  Recall=9.667 | HR=23.839 | Precision=1.459 | Invalid users=0 | cum_k=0
total_pro_num = 127388 len(total_pre_user_num) = 6548 avg product num = 19.45448992058644
total user num = 6548 total total_pre_user_num num  = 6548
Epoch = 70, top_k = 25 sort by score10, 15, 1
NDCG=6.523 |  Recall=10.104 | HR=24.695 | Precision=1.291 | Invalid users=0 | cum_k=0
total_pro_num = 153170 len(total_pre_user_num) = 6548 avg product num = 23.39187538179597
total user num = 6548 total total_pre_user_num num  = 6548
Epoch = 70, top_k = 50 sort by score10, 15, 1
NDCG=6.598 |  Recall=10.400 | HR=25.305 | Precision=1.125 | Invalid users=0 | cum_k=0
total_pro_num = 194965 len(total_pre_user_num) = 6548 avg product num = 29.7747403787416
total user num = 6548 total total_pre_user_num num  = 6548
**************************************************
