Epoch = 35, top_k = 10no skip sort_by score 1, 10, 150, 150
NDCG=6.564 |  Recall=6.452 | HR=34.732 | Precision=5.113 | Invalid users=0 | cum_k=2
total_pro_num = 58607 len(total_pre_user_num) = 5957 avg product num = 9.838341447037099
total user num = 5957 total total_pre_user_num num  = 5957
Epoch = 35, top_k = 20no skip sort_by score 1, 10, 150, 150
NDCG=8.327 |  Recall=10.964 | HR=48.867 | Precision=5.017 | Invalid users=0 | cum_k=2
total_pro_num = 109401 len(total_pre_user_num) = 5957 avg product num = 18.365116669464495
total user num = 5957 total total_pre_user_num num  = 5957
Epoch = 35, top_k = 25no skip sort_by score 1, 10, 150, 150
NDCG=8.813 |  Recall=12.254 | HR=52.359 | Precision=4.985 | Invalid users=0 | cum_k=2
total_pro_num = 129119 len(total_pre_user_num) = 5957 avg product num = 21.675172066476414
total user num = 5957 total total_pre_user_num num  = 5957
Epoch = 35, top_k = 50no skip sort_by score 1, 10, 150, 150
NDCG=9.606 |  Recall=14.591 | HR=59.409 | Precision=4.951 | Invalid users=0 | cum_k=2
total_pro_num = 174065 len(total_pre_user_num) = 5957 avg product num = 29.22024508981031
total user num = 5957 total total_pre_user_num num  = 5957
**************************************************
