Epoch = 35, top_k = 10no skip sort_by prob 1, 10, 150, 150
NDCG=8.761 |  Recall=8.245 | HR=40.943 | Precision=6.048 | Invalid users=0 | cum_k=1
total_pro_num = 59139 len(total_pre_user_num) = 5957 avg product num = 9.92764814503945
total user num = 5957 total total_pre_user_num num  = 5957
Epoch = 35, top_k = 20no skip sort_by prob 1, 10, 150, 150
NDCG=9.798 |  Recall=11.482 | HR=51.486 | Precision=4.881 | Invalid users=0 | cum_k=1
total_pro_num = 112378 len(total_pre_user_num) = 5957 avg product num = 18.864864864864863
total user num = 5957 total total_pre_user_num num  = 5957
Epoch = 35, top_k = 25no skip sort_by prob 1, 10, 150, 150
NDCG=10.116 |  Recall=12.367 | HR=54.306 | Precision=4.623 | Invalid users=0 | cum_k=1
total_pro_num = 134913 len(total_pre_user_num) = 5957 avg product num = 22.647809299983212
total user num = 5957 total total_pre_user_num num  = 5957
Epoch = 35, top_k = 50no skip sort_by prob 1, 10, 150, 150
NDCG=10.700 |  Recall=14.065 | HR=59.157 | Precision=4.342 | Invalid users=0 | cum_k=1
total_pro_num = 189996 len(total_pre_user_num) = 5957 avg product num = 31.894577807621285
total user num = 5957 total total_pre_user_num num  = 5957
**************************************************
